255
255
255
255
255
255
255
255
255
255
255
255
255
255
255
255
255
255
255
255
255
255
255
255
255
255
255
244
255
255
255
255
255
255
255
255
255
255
255
255
255
255
255
255
255
255
255
255
255
255
255
255
255
255
255
245
255
255
255
255
255
255
255
255
255
255
255
255
255
255
255
255
255
255
255
255
255
255
255
255
255
255
255
245
255
255
255
255
255
255
255
255
255
255
255
255
169
169
10
10
10
10
10
10
10
10
10
209
255
255
255
244
255
255
255
255
255
255
255
0
0
0
0
0
0
0
0
0
0
0
0
0
0
0
0
13
255
255
255
245
255
255
255
255
255
255
255
3
4
4
4
4
1
104
108
255
255
255
255
255
255
0
0
255
255
255
255
244
255
255
255
255
255
255
255
255
255
255
255
255
255
255
255
255
255
255
255
255
8
0
42
255
255
255
255
244
255
255
255
255
255
255
255
255
255
255
255
255
255
255
255
255
255
255
255
255
0
0
255
255
255
255
255
246
255
255
255
255
255
255
255
255
255
255
255
255
255
255
255
255
255
255
255
65
0
139
255
255
255
255
255
243
255
255
255
255
255
255
255
255
255
255
255
255
255
255
255
255
255
255
255
0
0
255
255
255
255
255
255
245
255
255
255
255
255
255
255
255
255
255
255
255
255
255
255
255
255
255
3
0
81
255
255
255
255
255
255
247
255
255
255
255
255
255
255
255
255
255
255
255
255
255
255
255
255
246
0
0
255
255
255
255
255
255
255
243
255
255
255
255
255
255
255
255
255
255
255
255
255
255
255
255
255
11
0
237
255
255
255
255
255
255
255
247
255
255
255
255
255
255
255
255
255
255
255
255
255
255
255
255
96
0
0
255
255
255
255
255
255
255
255
245
255
255
255
255
255
255
255
255
255
255
255
255
255
255
255
237
0
0
255
255
255
255
255
255
255
255
255
245
255
255
255
255
255
255
255
255
255
255
255
255
255
255
255
0
0
103
255
255
255
255
255
255
255
255
255
247
255
255
255
255
255
255
255
255
255
255
255
255
255
255
37
0
21
255
255
255
255
255
255
255
255
255
255
243
255
255
255
255
255
255
255
255
255
255
255
255
255
248
0
0
255
255
255
255
255
255
255
255
255
255
255
247
255
255
255
255
255
255
255
255
255
255
255
255
255
13
0
196
255
255
255
255
255
255
255
255
255
255
255
245
255
255
255
255
255
255
255
255
255
255
255
255
255
0
0
255
255
255
255
255
255
255
255
255
255
255
255
243
255
255
255
255
255
255
255
255
255
255
255
255
43
0
109
255
255
255
255
255
255
255
255
255
255
255
255
246
255
255
255
255
255
255
255
255
255
255
255
255
8
0
255
255
255
255
255
255
255
255
255
255
255
255
255
244
255
255
255
255
255
255
255
255
255
255
255
255
255
100
255
255
255
255
255
255
255
255
255
255
255
255
255
244
255
255
255
255
255
255
255
255
255
255
255
255
255
255
255
255
255
255
255
255
255
255
255
255
255
255
255
245
255
255
255
255
255
255
255
255
255
255
255
255
255
255
255
255
255
255
255
255
255
255
255
255
255
255
255
244
255
255
255
255
255
255
255
255
255
255
255
255
255
255
255
255
255
255
255
255
255
255
255
255
255
255
255
245
255
255
255
255
255
255
255
255
255
255
255
255
255
255
255
255
255
255
255
255
255
255
255
255
255
255
255
245
235
237
238
235
237
237
235
240
235
237
239
231
242
234
234
242
231
239
237
235
240
235
237
237
235
238
237
230